[app/ui]
version = 6.5.3
modtime = 1494438701.691255900

[app/launcher]
version = 6.5.3
modtime = 1494438701.694247200
